SCMBranch=dev
SCMRepository=signature/images/homepage
SCMMainlineUUID={5ff9e5da-361e-45f4-9013-e46b0ee6e485}
SCMBranchRepositoryID=32311
asta-logo.svg;2488530189;1;1680289308;|128115|764161
balcony.jpg;2435759693;1;1680289308;|123012|595728
Best_Places_to_Work_Seal.jpg;529430137;1;1680289309;|128116|764162
Best_Places_to_Work_Seal.png;2112330921;1;1680289309;|128117|764172
boat_trip.jpg;1272696005;1;1680289310;|123336|602586
captain_guests.jpg;4072840985;1;1680289310;|123337|602587
couple.jpg;240001809;1;1680289310;|123013|595729
golf.jpg;1535456833;1;1680289310;|123014|595730
hero-bg.jpg;1618084229;1;1680289310;|123015|595731
HomepageHero1.jpg;3505082860;1;1680289311;|124478|643107
HomepageHero1.png;3187096817;2;1680289313;|123054|595828
HomepageHero2.jpg;3824452872;1;1680289314;|124479|643108
HomepageHero2.png;3918843470;2;1680289318;|123055|595829
HomepageHero3.jpg;3429335774;1;1680289319;|124480|643109
HomepageHero3.png;4151387552;2;1680289323;|123056|595830
HomepageHero4.jpg;4023947518;2;1680289323;|124364|643112
HomepageHero4.png;3773981190;1;1680289325;|123061|596957
HomepageHero5.jpg;2245187491;1;1680289326;|124481|643110
HomepageHero5.png;1949919063;1;1680289329;|123062|596958
HomepageHero6.jpg;1340604444;1;1680289330;|124482|643111
HomepageHero6.png;1191155677;3;1680289333;|123063|597761
HomepageHero7.jpeg;486603507;1;1680289351;|128901|798312
HomepageHero8.jpg;646836327;1;1680289355;|128903|798446
hotels.jpg;1431505697;1;1680289355;|123016|595732
icon-carrot.png;2239871373;1;1680289355;|123049|595778
icon-close.png;3826228901;1;1680289355;|123050|595779
ipad.jpg;2716178067;1;1680289355;|123017|595733
jungle.jpg;2092530620;1;1680289356;|123338|602588
land.jpg;2739059433;1;1680289356;|123018|595734
mountain.jpg;740079260;1;1680289356;|123019|595735
pattern-bg.jpg;2410971031;1;1680289356;|123051|595780
phone.jpg;2455093132;1;1680289356;|123020|595736
plaza.jpg;3786591507;1;1680289356;|123021|595737
pool_deck_dinner.jpg;540776175;1;1680289357;|123339|602589
sunrise.jpg;1533687080;1;1680289357;|123022|595738
toast.jpg;1430120126;1;1680289358;|123340|602591
water.jpg;1369604159;1;1680289358;|123023|595739
westin_paris.jpg;1145878982;1;1680289359;|123341|602592
